100001
100005
100043
100118
100120
100159
100249
100329
100400
100491
100511
100560
100561
100565
100786
100787
100826
100911
100935
101090
101152
101185
101213
101270
101271
101293
101300
101465
101467
101473
101522
101703
101817
102083
102121
102171
102229
102385
73910
88388
88398
89245
90353
94623
94735
94821
94840
95219
95221
95230
95232
95233
95347
95676
95677
95679
95715
95745
95840
95897
95943
95950
96052
96073
96126
96305
96329
96353
96376
96450
96479
96506
96549
96553
96702
96711
96862
96979
97145
97281
97339
97343
97443
97551
97555
97556
97564
97942
97943
97944
98007
98031
98238
98244
98284
98314
98329
98409
98463
98667
98668
98744
98831
98962
98987
99005
99006
99106
99107
99122
99166
99411
99421
99432
99501
99533
99546
99567
99568
99569
99571
99611
99670
99703
99814
99983